$ANSIBLE_VAULT;1.1;AES256
30643166303530316561623034383662356163373837373135323530633566366664623165613833
3836353162393764386230316133366365393461303064360a616264633032353334663066333932
39643237383336316637333366336239653262663462383730383362626137383362326134303262
3366656562653664300a386163383762303861346466306332636131393133613933393566376265
38333862303265666366333938383266343764333966326136626661326330363138373834646166
65656339633336376537646666656364333238346131646236313866343637336632303063303130
66376434613364383334316462383063656637306539386237623137373966333961636436356263
33656531663761626263353665643866623461643332633530633639336130383531393037326163
30376166633831316432306635643137373266313235343235663536656139346432376136363631
66333231383165633764613566656137623530623731333965653333326466616439353033633563
356134353936336335663833333135356230
